1113554095.029000
1113554096.029000
1113554097.029000
1113554098.029000
1113554099.028000 XXX_0000 978.213237 4497.524214 1563.918025
1113554100.028000 XXX_0000 1868.317240 3449.738457 1562.194954
1113554101.028000 XXX_0000 2878.337054 2573.854567 1556.804288
1113554102.028000 XXX_0000 3744.376279 1856.946592 1540.206176
1113554103.027000 XXX_0000 4100.305408 1178.838229 1559.827235 XXX_0001 232.655213 5143.305886 1711.196958
1113554104.027000 XXX_0001 774.823663 4866.956305 1735.394542
1113554105.027000 XXX_0001 1104.940023 4467.752739 1746.840278
1113554106.027000 XXX_0001 1372.018052 4030.295597 1699.154264
1113554107.026000 XXX_0001 1478.024153 3573.069913 1726.848060
1113554108.026000 XXX_0001 1582.112884 3087.185871 1734.179248
1113554109.026000 XXX_0001 1945.365299 2767.113277 1736.573391
1113554110.026000 XXX_0001 2198.802898 2690.570942 1711.130676 XXX_0002 243.210930 5222.167060 1606.687172
1113554111.026000 XXX_0001 2617.420050 2472.130167 1726.476803 XXX_0002 797.658924 5308.131128 1585.661637
1113554112.025000 XXX_0001 3077.102907 2676.164013 1714.480098 XXX_0002 1074.393102 4823.616886 1587.796841
1113554113.025000 XXX_0001 3474.084041 3018.691273 1716.272527 XXX_0002 1293.466721 4210.422526 1590.875525
1113554114.025000 XXX_0001 3839.357338 3554.300636 1702.524288 XXX_0002 1217.788781 3558.753524 1569.528581
1113554115.025000 XXX_0001 4057.604944 4017.157739 1702.986375 XXX_0002 1261.931361 2933.303509 1566.773200
1113554116.024000 XXX_0001 4001.766914 3625.475011 1748.815366 XXX_0002 1381.831236 2320.970772 1594.988338
1113554117.024000 XXX_0001 3956.612195 3555.994493 1693.124958 XXX_0002 1453.997774 1842.306613 1604.416931
1113554118.024000 XXX_0001 3789.355316 3592.593503 1404.387099 XXX_0002 1525.740299 1952.418625 1597.007607
1113554119.024000 XXX_0001 4149.687413 3587.271996 1234.859509 XXX_0002 1586.082209 2376.972636 1588.092077
1113554120.023000 XXX_0001 4291.525103 3583.846084 1238.645426 XXX_0002 1954.186567 2563.891464 1586.102464
1113554121.023000 XXX_0001 4290.727323 3577.674360 1223.255981 XXX_0002 2125.811644 3032.246121 1592.269351
1113554122.023000 XXX_0001 4298.565263 3604.908563 1237.900074 XXX_0002 2502.553747 3067.866647 1591.015048
1113554123.023000 XXX_0001 4295.809870 3596.985551 1233.999295 XXX_0002 2430.322406 3211.559134 1591.686352
1113554124.022000 XXX_0001 4275.820400 3585.942252 1240.586709 XXX_0002 2198.079431 3107.816341 1581.056336
1113554125.022000 XXX_0001 4286.888697 3569.227411 1243.142241 XXX_0002 1523.329334 3219.510649 1578.133764
1113554126.022000 XXX_0001 4290.076265 3566.445722 1243.939084 XXX_0002 1087.000901 3582.510509 1586.965932
1113554127.022000 XXX_0001 3890.830207 3805.130413 1134.499473 XXX_0002 1286.486568 3738.690435 1586.456632
1113554128.021000 XXX_0001 3971.710400 3940.680738 1734.224906 XXX_0002 1389.934234 4038.187837 1585.125350
1113554129.021000 XXX_0001 3861.070386 4209.319882 1740.415591 XXX_0002 1403.023638 4090.472754 1599.848573
1113554130.021000 XXX_0001 3700.553821 4349.181725 1733.543287 XXX_0002 1420.188866 3969.303663 1590.325089
1113554131.021000 XXX_0001 3549.831368 4490.724307 1715.595721 XXX_0002 1422.132089 4004.786852 1598.458434
1113554132.020000 XXX_0001 3804.595963 4287.384211 1746.452895 XXX_0002 1429.610048 4018.222391 1598.967774
1113554133.020000 XXX_0001 3750.264014 4025.870611 1737.273697 XXX_0002 1452.147344 3908.770272 1598.378048
1113554134.020000 XXX_0001 3884.596424 3620.052858 1749.983439 XXX_0002 1416.817256 3789.283704 1572.805957
1113554135.020000 XXX_0001 3764.392679 3279.720015 1732.881526 XXX_0002 1318.585978 3329.831151 1564.805780
1113554136.019000 XXX_0001 3723.634195 2876.567542 1740.842176 XXX_0002 1385.454900 2711.554184 1567.827113
1113554137.019000 XXX_0001 3726.551542 2777.616154 1707.978948 XXX_0002 1601.569803 2303.292157 1584.631871
1113554138.019000 XXX_0001 3704.000833 2732.016087 1702.840871 XXX_0002 1754.624326 1991.843049 1593.777724
1113554139.019000 XXX_0001 3715.450203 2733.579705 1708.025372 XXX_0002 1765.783022 1849.071589 1593.812040
1113554140.018000 XXX_0001 3502.428329 2816.450255 1707.517202 XXX_0002 1772.327273 1881.525713 1584.953338
1113554141.018000 XXX_0001 3013.485972 2923.715069 1725.895128 XXX_0002 1926.830761 2077.761258 1574.873507
1113554142.018000 XXX_0001 2469.901424 3225.901496 1710.392299 XXX_0002 2472.172743 2195.324992 1590.099345
1113554143.018000 XXX_0001 1899.714374 3366.899725 1730.295179 XXX_0002 3068.029811 2468.610073 1581.646450
1113554144.018000 XXX_0001 1315.915107 3603.716174 1729.970540 XXX_0002 3698.702864 2995.828776 1551.797532
1113554145.017000 XXX_0001 1102.629206 3404.359960 1745.177786 XXX_0002 3905.568703 3433.931624 1545.421266
1113554146.017000 XXX_0001 912.070477 3440.219498 1735.999546 XXX_0002 3784.617415 3137.496546 1251.305557
1113554147.017000 XXX_0001 1074.287009 3582.982409 1718.061037 XXX_0002 4207.491166 2955.933382 1126.117111
1113554148.017000 XXX_0001 1088.911693 3474.069518 1724.133929 XXX_0002 4624.241611 2873.756184 1070.240405
1113554149.016000 XXX_0001 1075.645962 3480.303096 1726.825856 XXX_0002 4587.866364 2920.942490 1065.345481
1113554150.016000 XXX_0001 1077.451401 3474.674649 1721.748083 XXX_0002 4586.415376 2910.617176 1064.989601
1113554151.016000 XXX_0001 1067.514271 3477.059484 1722.149667 XXX_0002 4582.613978 2904.806646 1071.412101
1113554152.016000 XXX_0001 1060.501712 3404.551667 1712.221867 XXX_0002 4582.613978 2904.806646 1071.412101
1113554153.015000 XXX_0001 941.614808 3498.975729 1728.391120 XXX_0002 4582.613978 2904.806646 1071.412101
1113554154.015000 XXX_0001 790.659610 3576.610044 1726.649451 XXX_0002 4582.613978 2904.806646 1071.412101
1113554155.015000 XXX_0001 834.986561 3609.234835 1718.310441 XXX_0002 4587.860966 2907.858872 1070.535982
1113554156.015000 XXX_0001 713.973772 3856.390532 1715.518108 XXX_0002 4591.094924 2904.228790 1071.531967
1113554157.014000 XXX_0001 805.764590 3904.545428 1727.744127 XXX_0002 4591.094924 2904.228790 1071.531967
1113554158.014000 XXX_0001 1131.283043 4073.357198 1719.336825 XXX_0002 4594.053981 2895.866794 1076.246318
1113554159.014000 XXX_0001 1590.333417 4075.085915 1710.745268 XXX_0002 4594.053981 2895.866794 1076.246318
1113554160.014000 XXX_0001 1679.993950 4301.107890 1703.572743 XXX_0002 4590.815132 2899.499965 1075.249336
1113554161.013000 XXX_0001 1719.366620 4494.921123 1685.237680 XXX_0002 4591.094924 2904.228790 1071.531967
1113554162.013000 XXX_0001 1818.151600 4423.258488 1667.826898 XXX_0002 4591.094924 2904.228790 1071.531967
1113554163.013000 XXX_0001 1774.066455 4440.097084 1677.310274 XXX_0002 4588.196973 2904.528633 1073.070736
1113554164.013000 XXX_0001 1798.856402 4370.876433 1699.787144 XXX_0002 4588.196973 2904.528633 1073.070736
1113554165.012000 XXX_0001 1771.571251 4336.492267 1710.156086 XXX_0002 4587.637424 2908.167462 1075.276655
1113554166.012000 XXX_0001 1764.047098 4345.419336 1703.050449 XXX_0002 4587.637424 2908.167462 1075.276655
1113554167.012000 XXX_0001 1761.061093 4358.806708 1697.184339 XXX_0002 4592.876952 2911.224673 1074.399521
1113554168.012000 XXX_0001 1751.828343 4359.918225 1705.007115 XXX_0002 4592.876952 2911.224673 1074.399521
1113554169.011000 XXX_0001 1762.966128 4327.687222 1696.838683 XXX_0002 4592.876952 2911.224673 1074.399521
1113554170.011000 XXX_0001 1766.524312 4306.951849 1687.085559 XXX_0002 4592.876952 2911.224673 1074.399521
1113554171.011000 XXX_0001 1748.291084 4340.564652 1681.714979 XXX_0002 4583.791217 2910.444719 1075.456083
1113554172.011000 XXX_0001 1799.165560 4363.687142 1694.921018 XXX_0002 4583.791217 2910.444719 1075.456083
1113554173.011000 XXX_0001 2061.013276 4449.880641 1441.999953 XXX_0002 4583.791217 2910.444719 1075.456083
1113554174.010000 XXX_0001 1750.222963 4761.915250 1246.510467 XXX_0002 4583.791217 2910.444719 1075.456083
1113554175.010000 XXX_0001 1717.171528 4789.539450 1229.715792 XXX_0002 4583.791217 2910.444719 1075.456083
1113554176.010000 XXX_0001 1808.013615 4715.131254 1234.891726 XXX_0002 4579.651104 2900.113980 1071.930417
1113554177.010000 XXX_0001 1810.109369 4723.882354 1231.089123 XXX_0002 4577.308084 2896.769634 1071.269566
1113554178.009000 XXX_0001 1809.479315 4732.336060 1235.650883 XXX_0002 4576.749371 2900.391439 1073.469234
1113554179.009000 XXX_0001 1802.766321 4739.416943 1238.668254 XXX_0002 4576.749371 2900.391439 1073.469234
1113554180.009000 XXX_0001 1800.664469 4734.980299 1240.222198 XXX_0002 4579.092594 2903.746201 1074.131086
1113554181.009000 XXX_0001 1804.061153 4728.399807 1234.589930 XXX_0002 4584.678039 2903.445431 1075.789158
1113554182.008000 XXX_0001 1806.505968 4729.752317 1234.552110 XXX_0002 4584.678039 2903.445431 1075.789158
1113554183.008000 XXX_0001 1762.562136 4715.619758 1236.981280 XXX_0002 4584.955843 2908.160574 1072.077227
1113554184.008000 XXX_0001 1742.756909 4724.851108 1222.045567 XXX_0002 4596.725976 2924.873958 1075.409452
1113554185.008000 XXX_0001 1790.031861 4724.094712 1233.208245 XXX_0002 4592.692641 2932.587148 1081.395850
1113554186.007000 XXX_0001 1637.680143 4766.488701 1246.611932 XXX_0002 4592.692641 2932.587148 1081.395850
1113554187.007000 XXX_0001 1959.592822 4387.809287 1341.291673 XXX_0002 4595.611776 2932.260976 1079.843224
1113554188.007000 XXX_0001 1639.634364 4059.015991 1712.847259 XXX_0002 4591.447802 2921.872560 1076.288063
1113554189.007000 XXX_0001 1341.658326 3569.073668 1742.514573 XXX_0002 4591.447802 2921.872560 1076.288063
1113554190.006000 XXX_0001 1430.675688 3155.548247 1730.977716 XXX_0002 4591.447802 2921.872560 1076.288063
1113554191.006000 XXX_0001 1491.346277 2638.282670 1725.286743 XXX_0002 4204.214359 2947.439734 1113.679080
1113554192.006000 XXX_0001 1510.932091 2721.126167 1727.460607 XXX_0002 3804.037991 2870.915399 1402.270479
1113554193.006000 XXX_0001 1537.322070 2740.706953 1738.724664 XXX_0002 3922.509448 3221.832861 1594.352442
1113554194.005000 XXX_0001 1747.336363 2620.658891 1740.890399 XXX_0002 3811.246199 3743.933543 1572.321415
1113554195.005000 XXX_0001 1944.126882 2737.617588 1741.180510 XXX_0002 3917.005083 4273.205471 1605.773313
1113554196.005000 XXX_0001 2050.568967 2792.886539 1730.203554 XXX_0002 3690.433343 4320.333777 1594.231873
1113554197.005000 XXX_0001 2080.214388 2792.724614 1730.540553 XXX_0002 3653.941605 4714.031126 1597.489309
1113554198.004000 XXX_0001 2314.359885 2713.189374 1727.403925 XXX_0002 3916.731824 4908.032197 1605.192710
1113554199.004000 XXX_0001 2830.406651 2862.022360 1734.383642 XXX_0002 3854.849170 5228.614120 1603.943007
1113554200.004000 XXX_0001 3260.959526 2875.399562 1734.428681 XXX_0002 3827.451337 5310.282047 1609.199189
1113554201.004000 XXX_0001 3419.201138 2938.764619 1709.414299 XXX_0002 3824.073647 5327.188900 1597.301810
1113554202.004000 XXX_0001 3682.586610 3157.215436 1705.795736 XXX_0002 3811.081481 5290.903417 1601.715506
1113554203.003000 XXX_0001 3862.610082 3201.648112 1637.639021 XXX_0002 3789.152728 5304.423021 1593.172909
1113554204.003000 XXX_0001 4258.548688 2882.587146 1148.852116 XXX_0002 3905.765091 5066.796540 1605.891563
1113554205.003000 XXX_0001 4606.698487 2985.661607 1144.552808 XXX_0002 3901.534303 4614.133645 1596.466391
1113554206.003000 XXX_0001 4543.524666 2917.640456 1144.196774 XXX_0002 3895.204434 3886.122309 1589.178122
1113554207.002000 XXX_0001 4529.608950 2948.740719 1128.760588 XXX_0002 3440.178728 3184.716145 1572.330166
1113554208.002000 XXX_0001 4527.774518 2941.633354 1125.857816 XXX_0002 2590.514768 2906.169870 1585.575028
1113554209.002000 XXX_0001 4520.765417 2940.147087 1131.224541 XXX_0002 1735.523794 3165.768217 1578.045080
1113554210.002000 XXX_0001 4515.472579 2936.623389 1132.151714 XXX_0002 1261.495546 3527.609114 1589.502744
1113554211.001000 XXX_0001 4515.472579 2936.623389 1132.151714 XXX_0002 1075.102969 3238.032655 1589.041744
1113554212.001000 XXX_0001 3839.294462 2906.752170 1249.640652 XXX_0002 1019.164323 3087.645419 1586.727691
1113554213.001000 XXX_0001 3525.454188 2822.050082 1741.668455 XXX_0002 1087.097137 3324.407688 1592.319802
1113554214.001000 XXX_0001 2968.362286 2760.770241 1734.079972 XXX_0002 1091.111399 3325.637103 1575.381817
1113554215.000000 XXX_0001 2762.865469 2667.138475 1732.220954 XXX_0002 1061.751528 3081.681822 1588.540494
1113554216.000000 XXX_0001 2964.510875 2119.648224 1675.472583 XXX_0002 1390.741275 2609.055736 1572.647622
1113554217.000000 XXX_0001 3009.258886 984.099873 1331.154031 XXX_0002 1587.409269 1897.530604 1569.273795
1113554218.000000 XXX_0001 3053.712188 944.860631 1345.487761 XXX_0002 1712.933611 1299.242247 1593.446174
1113554218.999000 XXX_0001 3063.848617 919.077205 1336.343728 XXX_0002 1817.366007 1282.479205 1590.605207
