1113554095.029000
1113554096.029000
1113554097.029000
1113554098.029000
1113554099.028000 1 615.408366 4419.16841 0.0
1113554100.028000 1 2122.708796 3186.648003 0.0
1113554101.028000 1 2640.793048 2451.392676 0.0
1113554102.028000 1 3667.396848 1730.511182 0.0
1113554103.027000 1 4086.564008 1429.00484 0.0 2 33.276703 4664.598855 0.0
1113554104.027000 2 696.499513 4534.557806 0.0
1113554105.027000 2 1463.991415 4438.021063 0.0
1113554106.027000 2 1594.299622 3804.497974 0.0
1113554107.026000 2 1685.494734 3541.761464 0.0
1113554108.026000 2 1729.33699 2962.741482 0.0
1113554109.026000 2 1970.671398 2849.704975 0.0
1113554110.026000 2 2445.542949 2838.848469 0.0 3 573.746117 5186.383372 0.0
1113554111.026000 2 2834.758231 2653.298761 0.0 3 918.079426 5491.682199 0.0
1113554112.025000 2 2923.611116 2682.412139 0.0 3 1025.560041 5053.345676 0.0
1113554113.025000 2 3255.307079 3037.795496 0.0 3 1294.765459 4238.494895 0.0
1113554114.025000 2 3736.544724 3560.468577 0.0 3 1104.098954 3692.847396 0.0
1113554115.025000 2 4253.749475 4226.906625 0.0 3 1431.636714 2861.994061 0.0
1113554116.024000 2 4088.925773 3309.938756 0.0 3 1476.789557 2194.382569 0.0
1113554117.024000 2 3939.143695 3054.337572 0.0 3 1243.156221 1246.736178 0.0
1113554118.024000 2 3777.803355 3651.327985 0.0 3 1432.871593 1832.970383 0.0
1113554119.024000 2 4324.269368 3551.851471 0.0 3 1581.235082 2220.138728 0.0
1113554120.023000 2 4021.974627 3593.89878 0.0 3 2389.065351 2766.400512 0.0
1113554121.023000 2 4377.184644 3797.32234 0.0 3 2250.320204 2803.096203 0.0
1113554122.023000 2 4298.618077 3798.492425 0.0 3 2622.316023 2858.777871 0.0
1113554123.023000 2 4153.880213 3719.963487 0.0 3 2419.190377 3254.472479 0.0
1113554124.022000 2 4428.054271 3539.597487 0.0 3 2102.553873 2747.318874 0.0
1113554125.022000 2 4163.874438 3768.031076 0.0 3 1647.350628 3473.035811 0.0
1113554126.022000 2 4168.925256 3588.586303 0.0 3 886.856232 3792.724483 0.0
1113554127.022000 2 4171.628181 3930.880016 0.0 3 1366.669719 3517.219549 0.0
1113554128.021000 2 4014.075455 4163.238569 0.0 3 1112.55252 3961.509141 0.0
1113554129.021000 2 3662.305997 4351.632733 0.0 3 1593.736025 3948.366507 0.0
1113554130.021000 2 3479.433505 4339.272939 0.0 3 1603.789666 4250.498121 0.0
1113554131.021000 2 3291.426003 4524.925761 0.0 3 1774.511728 4216.739657 0.0
1113554132.020000 2 3582.442032 4558.369288 0.0 3 1269.562212 4048.249819 0.0
1113554133.020000 2 3631.038871 4060.026495 0.0 3 1721.719701 4009.479653 0.0
1113554134.020000 2 4172.124531 3838.272401 0.0 3 1083.986659 3990.44354 0.0
1113554135.020000 2 3802.114115 3268.590879 0.0 3 1056.29072 3681.714879 0.0
1113554136.019000 2 3942.944696 3104.599799 0.0 3 1766.862127 2298.287369 0.0
1113554137.019000 2 3680.701727 2989.43578 0.0 3 1625.833147 2360.090424 0.0
1113554138.019000 2 3642.124555 2876.015217 0.0 3 1698.742315 1808.528687 0.0
1113554139.019000 2 3784.920601 2652.018395 0.0 3 1964.922793 1580.02743 0.0
1113554140.018000 2 3499.863189 2879.548201 0.0 3 1523.1691 2233.029955 0.0
1113554141.018000 2 2959.205523 3155.657482 0.0 3 1928.560338 2201.355649 0.0
1113554142.018000 2 2924.090023 3139.911162 0.0 3 2617.06555 2183.461189 0.0
1113554143.018000 2 1842.144252 3501.631933 0.0 3 2679.064326 2558.352856 0.0
1113554144.018000 2 1393.36296 3695.637874 0.0 3 3825.493018 3311.745707 0.0
1113554145.017000 2 1127.493437 3374.602493 0.0 3 3963.798046 3637.166869 0.0
1113554146.017000 2 973.218625 3477.917679 0.0 3 3672.24568 3368.308481 0.0
1113554147.017000 2 1181.611098 3648.991648 0.0 3 4527.96721 3027.053659 0.0
1113554148.017000 2 863.946956 3688.812591 0.0 3 4782.772296 2718.338337 0.0
1113554149.016000 2 881.919811 3622.67155 0.0 3 4446.647355 2774.489258 0.0
1113554150.016000 2 1181.506211 3595.866284 0.0 3 4666.135843 2778.780323 0.0
1113554151.016000 2 1079.172502 3586.221944 0.0 3 4341.749964 2872.424818 0.0
1113554152.016000 2 1277.863406 3111.705689 0.0 3 4765.993556 3018.602728 0.0
1113554153.015000 2 1239.977143 3654.024679 0.0 3 4708.283373 2590.229437 0.0
1113554154.015000 2 761.128766 3395.530775 0.0 3 4574.973889 2632.472509 0.0
1113554155.015000 2 797.235298 3675.210909 0.0 3 4801.382328 3049.605622 0.0
1113554156.015000 2 1081.66823 3858.174589 0.0 3 4397.319289 2671.250854 0.0
1113554157.014000 2 770.652354 3673.811846 0.0 3 4342.3497 2797.783416 0.0
1113554158.014000 2 1042.396217 4008.103139 0.0 3 4431.7886 2885.334426 0.0
1113554159.014000 2 1899.82594 3824.780693 0.0 3 4550.159454 2835.587417 0.0
1113554160.014000 2 1616.405213 4529.584422 0.0 3 4503.95005 2797.844158 0.0
1113554161.013000 2 1674.557389 4222.598125 0.0 3 4769.744964 2843.510349 0.0
1113554162.013000 2 1731.250477 4357.209408 0.0 3 4736.671203 2890.095581 0.0
1113554163.013000 2 2062.989734 4549.556793 0.0 3 4614.698793 2695.158134 0.0
1113554164.013000 2 2352.024249 4362.892835 0.0 3 4337.647992 3086.290047 0.0
1113554165.012000 2 1511.344841 3836.793781 0.0 3 4924.845584 2963.621884 0.0
1113554166.012000 2 1850.631861 4598.373224 0.0 3 4661.012523 3259.674206 0.0
1113554167.012000 2 1869.976132 4149.546118 0.0 3 4463.800765 2984.834719 0.0
1113554168.012000 2 1721.437514 4088.052502 0.0 3 4362.44905 2974.663176 0.0
1113554169.011000 2 1701.207289 4458.58688 0.0 3 4041.675292 2794.04571 0.0
1113554170.011000 2 1730.202798 4202.512014 0.0 3 4493.396468 2889.751527 0.0
1113554171.011000 2 1849.488342 4337.5982 0.0 3 4772.067752 2462.796526 0.0
1113554172.011000 2 1737.438853 4021.779305 0.0 3 4339.969531 3133.004213 0.0
1113554173.011000 2 2034.096358 4385.399638 0.0 3 5152.561603 3182.590074 0.0
1113554174.010000 2 1654.984316 4619.603604 0.0 3 4641.433009 2672.137529 0.0
1113554175.010000 2 1344.711506 4783.18523 0.0 3 4593.770788 2884.086445 0.0
1113554176.010000 2 1835.570793 4592.685148 0.0 3 4367.250973 2956.866124 0.0
1113554177.010000 2 1383.375604 4619.285278 0.0 3 4654.353921 2885.812477 0.0
1113554178.009000 2 1788.040924 4611.149842 0.0 3 4506.803669 3019.626791 0.0
1113554179.009000 2 2046.551126 4764.34005 0.0 3 4438.340085 3313.792715 0.0
1113554180.009000 2 1978.378428 4565.364195 0.0 3 4424.368534 3055.934128 0.0
1113554181.009000 2 1947.770336 4894.457272 0.0 3 4321.638244 2949.748265 0.0
1113554182.008000 2 1832.294809 4566.831586 0.0 3 4450.028472 2902.883041 0.0
1113554183.008000 2 1719.475317 5145.135017 0.0 3 4915.804171 2825.474516 0.0
1113554184.008000 2 1698.061608 4239.069095 0.0 3 4795.149819 3072.228328 0.0
1113554185.008000 2 2133.563965 4253.029862 0.0 3 4501.109137 2497.578084 0.0
1113554186.007000 2 1191.807218 4956.645592 0.0 3 4709.221984 2867.146398 0.0
1113554187.007000 2 1853.774684 4321.82202 0.0 3 4749.296529 2770.795095 0.0
1113554188.007000 2 1917.307338 4181.947593 0.0 3 4578.67899 3084.95041 0.0
1113554189.007000 2 1429.237267 3628.531493 0.0 3 4854.046618 3107.277971 0.0
1113554190.006000 2 1209.728926 3352.044585 0.0 3 4979.900774 3025.568742 0.0
1113554191.006000 2 1874.241968 2798.787217 0.0 3 4479.528446 3061.537901 0.0
1113554192.006000 2 1577.72007 2568.555702 0.0 3 3673.533169 2750.099397 0.0
1113554193.006000 2 1292.744906 2704.901651 0.0 3 4062.215915 3245.120707 0.0
1113554194.005000 2 1836.434347 2926.339616 0.0 3 3742.174086 3940.319789 0.0
1113554195.005000 2 1956.306916 2674.32497 0.0 3 3782.364962 4337.101311 0.0
1113554196.005000 2 2196.408017 3003.145969 0.0 3 4220.758477 4509.555518 0.0
1113554197.005000 2 2165.403734 2641.400746 0.0 3 3755.140526 4954.532835 0.0
1113554198.004000 2 2575.896842 2807.440946 0.0 3 3903.424935 4825.109239 0.0
1113554199.004000 2 2957.834813 2963.643347 0.0 3 3799.200198 5043.277374 0.0
1113554200.004000 2 3022.837151 2851.990064 0.0 3 3798.69193 5374.793331 0.0
1113554201.004000 2 3506.253026 3043.739572 0.0 3 3772.041928 5302.8692 0.0
1113554202.004000 2 3603.500177 3334.856381 0.0 3 3625.171309 5240.222379 0.0
1113554203.003000 2 3325.307897 3396.816584 0.0 3 3716.904338 5764.758043 0.0
1113554204.003000 2 4207.858972 2701.367572 0.0 3 3852.603195 4793.087067 0.0
1113554205.003000 2 4818.178895 3059.144029 0.0 3 4148.792299 4626.370124 0.0
1113554206.003000 2 4510.510513 2563.839675 0.0 3 3848.082318 3828.793711 0.0
1113554207.002000 2 4745.678271 3125.383633 0.0 3 3399.853136 3016.618535 0.0
1113554208.002000 2 4434.738332 3230.633781 0.0 3 2550.729314 2934.913534 0.0
1113554209.002000 2 4570.552832 3038.856506 0.0 3 1472.377645 3222.829508 0.0
1113554210.002000 2 4773.679 3018.743941 0.0 3 1289.933097 3766.125227 0.0
1113554211.001000 2 4738.091491 2668.222815 0.0 3 1211.237124 3231.323638 0.0
1113554212.001000 2 3634.139356 2706.375141 0.0 3 1243.672349 3314.035418 0.0
1113554213.001000 2 3595.385134 2606.46239 0.0 3 1356.691162 3066.132572 0.0
1113554214.001000 2 3025.780602 2690.366715 0.0 3 884.652689 3362.355761 0.0
1113554215.000000 2 3229.731588 2626.370863 0.0 3 1145.70431 3125.786707 0.0
1113554216.000000 2 2888.020488 2056.97913 0.0 3 1215.551273 2491.360652 0.0
1113554217.000000 2 2785.081121 745.708836 0.0 3 1843.825956 1860.174986 0.0
1113554218.000000 2 2888.854781 809.393437 0.0 3 1916.525957 1828.203551 0.0
1113554218.999000 2 3032.362791 1055.407405 0.0 3 1658.556147 1145.452304 0.0
